-47 8 -15
-47 8 -15
-47 8 -15
-47 8 -15
-47 8 -16
-47 8 -17
-48 8 -16
-47 8 -15
-48 8 -15
-48 8 -15
-47 8 -15
-47 8 -15
-47 8 -15
-47 8 -14
-47 8 -14
-47 8 -15
-47 7 -15
-47 8 -15
-48 8 -16
-47 8 -15
-48 8 -14
-47 8 -14
-48 9 -15
-48 8 -15
-47 8 -15
-47 8 -14
-48 7 -15
-48 8 -14
-48 8 -14
-48 8 -14
-48 9 -14
-48 8 -14
-49 8 -14
-49 10 -15
-49 11 -15
-51 15 -16
-50 19 -16
-51 20 -14
-50 21 -12
-46 25 -13
-41 22 -13
-31 18 -14
-23 14 -19
-16 11 -26
-13 3 -29
-7 -4 -32
1 -11 -35
9 -30 -29
9 -54 -14
0 -51 6
-15 -28 37
-37 -9 102
-70 4 127
-91 27 127
-83 49 123
-53 80 97
-29 89 69
-18 84 47
-7 73 40
-3 64 29
-1 56 19
4 50 8
8 43 -2
11 38 -11
12 31 -16
14 24 -14
11 6 -8
3 -7 -13
1 -8 -21
1 -12 -28
1 -15 -29
5 -21 -26
3 -27 -16
-10 -32 -9
-19 -41 -4
-28 -31 -4
-59 -30 21
-66 -40 97
-76 -10 127
-98 -13 110
-80 40 99
-54 83 72
-46 98 41
-44 93 30
-40 70 31
5 41 3
6 28 -7
4 16 -14
5 10 -16
3 0 -18
3 -1 -23
5 -7 -24
5 -16 -23
7 -20 -22
1 -30 -14
-6 -50 -1
-18 -36 2
-46 -56 16
-65 -41 51
-103 -27 74
-124 -4 99
-120 55 106
-98 81 82
-63 92 52
-39 93 26
-24 93 14
-16 81 9
-17 58 2
-13 51 -4
-8 45 -9
0 41 -7
1 35 -13
1 20 -11
-2 10 -11
-1 9 -14
0 4 -18
0 -3 -22
4 -5 -24
9 -8 -23
12 -14 -17
5 -36 -5
-5 -45 -15
-22 -44 -13
-39 -45 0
-58 -28 34
-87 -16 87
-114 -16 112
-125 10 114
-95 70 103
-63 98 69
-43 106 35
-36 90 16
-30 67 15
-20 52 22
-17 42 14
-12 41 2
-7 34 -7
1 37 -7
4 35 -8
-2 20 -14
-8 8 -18
-11 4 -23
-10 10 -27
-7 9 -22
-4 2 -19
-5 -1 -16
1 -6 -13
-4 -16 -12
-6 -29 0
-9 -31 4
-35 -45 -2
-41 -59 -13
-36 -24 17
-75 -19 54
-94 28 86
-108 78 90
-108 87 64
-95 95 52
-71 95 54
-51 85 46
-37 72 34
-27 50 31
-11 51 25
1 54 13
7 46 -2
8 33 -11
10 21 -11
7 10 -7
-4 1 -11
-14 -5 -17
-15 -2 -16
-16 0 -14
-15 -6 -14
-6 -6 -17
-2 -5 -20
-2 -24 -27
2 -37 -25
-11 -48 -22
-13 -58 -16
-29 -40 14
-50 -28 53
-94 -17 84
-116 11 99
-121 24 109
-86 66 96
-52 86 63
-31 88 35
-18 82 17
-16 67 3
-13 54 2
-12 44 -2
-8 39 -6
-2 40 -8
-1 31 -9
-3 23 -12
-2 21 -13
-2 15 -11
-4 5 -14
-5 6 -21
-5 2 -24
-2 -5 -23
-2 -12 -20
-5 -20 -13
-6 -26 -10
-16 -19 -3
-27 -16 6
-38 -2 -4
-59 8 -2
-82 -12 30
-104 -26 73
-112 -23 88
-108 1 87
-78 42 72
-56 56 56
-38 64 45
-25 68 41
-20 68 30
-20 66 16
-20 58 10
-14 55 10
-10 47 13
-7 41 7
-5 37 -3
-6 30 -12
-1 24 -12
1 13 -6
-3 4 -13
-3 3 -20
-6 -4 -21
-5 -9 -22
-4 -8 -15
-12 -22 -11
-13 -31 -9
-19 -17 -1
-34 -28 0
-32 -25 2
-49 -15 18
-65 -10 30
-73 11 66
-85 17 73
-92 16 70
-78 48 62
-63 55 54
-49 64 42
-36 75 35
-28 74 32
-20 66 27
-16 58 18
-10 53 13
-2 44 10
-1 36 1
-1 28 -6
-4 18 -12
-10 7 -11
-17 -4 -9
-24 -3 -13
-28 2 -15
-32 6 -16
-34 5 -13
-37 2 -10
-42 1 -8
-46 -3 -4
-49 -4 -5
-51 2 -5
-53 3 -9
