-47 4 -16
-48 4 -15
-48 4 -14
-48 4 -14
-48 5 -14
-48 6 -14
-48 5 -15
-48 5 -14
-48 4 -15
-48 5 -16
-48 5 -15
-47 4 -16
-47 4 -15
-48 4 -15
-47 4 -15
-47 4 -16
-47 4 -15
-48 4 -16
-48 5 -16
-47 6 -16
-48 5 -15
-48 5 -14
-47 4 -15
-47 5 -15
-48 5 -15
-48 5 -16
-48 5 -15
-47 5 -16
-48 5 -15
-48 5 -14
-48 5 -15
-48 5 -14
-49 5 -14
-48 5 -15
-48 5 -15
-48 5 -15
-49 6 -15
-49 6 -15
-49 7 -15
-49 8 -16
-48 11 -17
-48 14 -17
-49 16 -17
-49 20 -17
-46 23 -15
-41 24 -14
-34 22 -16
-28 23 -19
-22 19 -24
-16 5 -24
-11 -3 -23
-5 -6 -21
0 -25 -13
-3 -49 -4
-9 -45 6
-16 -30 22
-33 -19 51
-57 -20 80
-71 -3 114
-71 33 127
-58 67 117
-34 84 91
-16 89 67
-5 86 44
0 76 27
2 63 18
5 55 13
7 47 7
12 48 -1
13 41 -9
10 28 -11
8 20 -10
5 9 -11
0 0 -16
-1 -5 -20
-1 -11 -25
0 -14 -31
3 -20 -39
2 -27 -27
-2 -55 -7
-7 -45 17
-25 -40 44
-33 -32 66
-47 -18 100
-48 -10 114
-52 25 117
-33 75 112
-18 99 80
-7 107 61
-1 102 43
-1 87 26
-1 69 18
1 57 13
5 51 11
12 52 7
18 46 0
17 36 -7
16 24 -9
10 9 -11
4 -3 -16
0 -8 -21
-4 -11 -25
-4 -15 -26
-2 -16 -25
-3 -19 -20
-2 -26 -8
-8 -22 6
-30 -36 20
-32 -28 22
-54 -23 50
-73 -33 80
-79 2 105
-88 15 108
-72 50 106
-42 75 86
-28 82 59
-18 90 42
-11 77 32
-3 68 23
3 60 13
8 52 7
10 45 -2
10 40 -8
9 33 -11
6 26 -13
4 13 -13
1 7 -14
1 2 -17
-2 -6 -21
-1 -11 -22
1 -10 -23
-1 -16 -14
-3 -32 -2
-7 -27 6
-28 -33 22
-32 -33 30
-53 -10 47
-82 -20 71
-87 6 103
-90 28 107
-75 55 98
-40 94 75
-23 96 47
-15 93 27
-9 85 20
-5 76 14
-2 64 11
1 52 11
2 42 7
4 39 1
6 40 -9
7 34 -12
4 23 -13
-1 8 -13
-2 3 -15
1 3 -18
4 -6 -20
3 -13 -23
4 -19 -19
2 -28 -8
0 -27 -3
-20 -33 9
-31 -40 9
-53 -25 32
-82 -39 69
-98 -18 115
-97 25 127
-76 67 117
-43 97 81
-20 111 44
-14 97 20
-11 76 14
-6 66 17
-1 58 12
0 47 7
1 38 -1
5 38 -8
11 40 -7
11 30 -6
5 12 -7
-1 3 -11
-2 -1 -18
-1 -2 -20
-3 -9 -19
-2 -17 -20
3 -21 -17
-5 -25 0
-14 -49 8
-17 -33 12
-44 -27 25
-61 -37 34
-85 -20 77
-98 2 109
-100 38 117
-80 68 102
-47 91 72
-22 101 39
-17 91 18
-15 74 8
-11 60 6
-7 50 8
-6 41 3
-2 39 -5
0 36 -12
1 32 -10
-1 22 -6
-5 12 -5
-9 8 -11
-11 8 -18
-12 5 -24
-9 1 -26
-4 -6 -25
-2 -8 -21
-4 -26 -9
-5 -46 -1
-10 -34 10
-26 -32 25
-31 -13 24
-58 -15 62
-81 -22 106
-74 30 127
-64 68 124
-37 103 93
-10 115 55
0 104 24
0 92 6
3 78 2
5 64 2
6 50 1
5 43 -1
8 45 -8
9 37 -10
7 25 -7
3 13 -2
-3 9 -5
-7 11 -13
-9 7 -19
-10 8 -20
-6 12 -18
-7 9 -16
-6 2 -11
-5 -4 -9
-21 -22 1
-27 -45 14
-20 -26 16
-47 -21 22
-48 -29 42
-56 -11 66
-66 16 78
-65 35 84
-63 44 78
-44 68 61
-33 71 46
-18 82 31
-15 91 20
-17 72 14
-13 63 14
-5 64 18
-4 49 10
-2 41 2
1 36 -4
0 30 -13
-2 22 -16
-7 11 -17
-14 5 -13
-23 3 -14
-29 5 -14
-34 5 -15
-34 10 -9
-36 7 -5
-42 -3 -2
-46 -8 -3
-45 -3 -2
-49 0 -6
-48 2 -7
-46 15 -5
-47 14 -6
