-47 6 -14
-47 5 -13
-48 6 -14
-49 6 -14
-49 6 -13
-49 6 -12
-49 4 -12
-49 4 -12
-48 4 -12
-47 6 -14
-47 7 -16
-47 4 -15
-47 4 -15
-47 5 -14
-47 6 -12
-48 5 -12
-48 5 -12
-49 5 -13
-49 5 -12
-48 5 -13
-48 5 -13
-48 5 -13
-48 5 -14
-47 6 -14
-48 5 -14
-47 4 -14
-47 4 -14
-47 4 -13
-47 5 -14
-48 5 -13
-48 6 -13
-49 6 -13
-49 7 -13
-49 7 -12
-49 7 -13
-50 7 -12
-49 8 -13
-50 9 -14
-50 11 -15
-50 14 -16
-50 19 -18
-49 22 -17
-46 22 -15
-37 25 -10
-26 24 -10
-22 20 -18
-14 17 -24
-7 11 -29
-1 -1 -25
5 -17 -13
7 -49 6
1 -58 23
-6 -40 38
-24 -17 66
-44 9 87
-73 38 95
-76 84 99
-72 89 98
-52 86 95
-29 87 75
-16 82 56
-4 72 49
4 66 39
8 62 24
11 56 11
14 45 -3
13 39 -14
14 26 -12
9 10 -5
2 7 -11
-7 6 -17
-15 3 -22
-16 7 -23
-15 5 -18
-18 0 -17
-14 -2 -12
-15 -9 -10
-21 -18 -4
-21 -28 -6
-9 -13 0
-18 -16 9
-24 -30 15
-26 5 19
-61 -19 34
-70 -49 67
-69 13 120
-73 55 114
-58 81 110
-29 113 98
-7 119 69
5 104 47
9 85 32
11 65 21
8 44 11
8 35 3
7 35 -5
4 26 -5
-2 14 -8
-6 14 -12
-8 10 -11
-10 9 -11
-12 11 -17
-12 12 -20
-9 7 -19
-7 0 -21
-7 -3 -21
-3 -18 -15
-2 -28 -4
-7 -31 1
-11 -35 5
-7 -27 16
-35 -27 29
-47 -24 46
-59 2 95
-92 -1 117
-84 58 127
-63 88 115
-38 102 82
-18 105 51
-8 92 36
-3 72 29
-1 55 23
1 49 18
0 39 12
3 41 7
0 35 3
-3 23 1
-6 16 -1
-9 14 -3
-13 9 -6
-17 10 -12
-19 13 -18
-19 9 -17
-16 6 -14
-13 3 -16
-12 -3 -19
-8 -9 -18
-4 -25 -9
4 -26 -4
-1 -29 -2
-13 -45 5
-10 -28 22
-46 -14 31
-69 -20 55
-76 3 109
-95 18 119
-93 37 115
-61 77 100
-32 95 73
-20 90 43
-18 70 29
-16 56 24
-16 47 14
-14 43 7
-14 33 1
-12 31 -1
-8 34 2
-7 27 2
-11 20 -4
-12 21 -9
-13 16 -9
-14 11 -12
-14 15 -16
-14 11 -18
-11 3 -17
-13 1 -19
-8 -8 -18
0 -14 -14
-7 -24 -7
-12 -46 -2
1 -25 10
-8 -5 20
-38 -19 28
-42 -4 47
-70 2 54
-99 -10 65
-94 29 86
-82 51 106
-65 73 92
-43 79 76
-24 79 60
-15 63 49
-13 47 36
-12 43 24
-8 39 16
-6 34 11
-6 31 5
-7 29 3
-6 22 6
-9 19 -2
-13 16 -8
-15 12 -10
-15 15 -12
-13 18 -12
-14 12 -14
-14 8 -15
-12 3 -14
-5 -3 -14
1 -7 -11
0 -21 -3
-3 -44 2
0 -37 2
-13 -33 2
-28 -40 10
-61 -30 45
-86 -10 79
-102 24 117
-101 58 124
-76 79 110
-46 86 79
-29 81 49
-15 74 38
-9 64 28
-13 47 17
-11 41 11
-5 44 6
-5 39 1
-5 34 0
-4 28 1
-4 26 -3
-8 21 -8
-10 15 -12
-10 17 -17
-9 18 -19
-12 10 -20
-11 4 -17
-6 0 -13
-5 -7 -8
-4 -21 -4
4 -22 1
6 -25 13
-3 -43 15
-7 -34 21
-38 -26 30
-64 -30 54
-72 3 100
-89 33 119
-83 63 118
-51 95 97
-20 110 67
-11 102 36
-10 79 26
-8 60 25
-6 53 22
-5 49 15
-6 46 7
-4 43 2
-2 41 1
0 35 -2
-1 26 -1
-1 26 -5
-4 22 -10
-8 19 -15
-9 15 -19
-10 14 -20
-11 13 -14
-11 4 -11
-7 -2 -9
-10 -5 -6
-13 -23 -5
-5 -23 0
-3 -9 13
-20 -27 21
-19 -31 25
-27 0 45
-54 8 43
-72 4 52
-83 15 73
-84 33 85
-67 69 82
-45 95 67
-34 88 48
-24 74 39
-19 66 30
-12 58 27
-12 47 18
-15 39 11
-12 41 0
-8 40 -3
-7 32 -4
-4 26 -1
-3 18 3
-10 8 1
-19 -3 -4
-27 -4 -9
-30 3 -9
-33 5 -9
-38 2 -5
-41 6 -5
-44 4 -3
-44 3 -1
-45 4 -3
-46 6 -3
-46 6 -2
-45 10 -2
-46 11 -3
-46 9 -3
-46 6 -2
-47 7 -3
-48 8 -4
