-47 6 -10
-46 6 -8
-46 6 -9
-46 5 -9
-47 6 -10
-48 9 -11
-48 7 -9
-48 6 -8
-47 5 -8
-47 6 -8
-47 7 -9
-47 7 -9
-46 7 -10
-47 7 -10
-47 6 -9
-47 7 -9
-47 7 -10
-47 7 -10
-47 8 -10
-47 6 -9
-47 7 -9
-47 6 -8
-47 6 -8
-47 7 -8
-48 7 -9
-47 7 -9
-47 7 -9
-47 6 -9
-47 7 -9
-47 7 -9
-47 7 -9
-47 7 -9
-47 6 -9
-48 6 -9
-47 7 -9
-47 8 -8
-48 7 -8
-49 7 -9
-49 7 -9
-49 9 -8
-51 9 -9
-52 13 -8
-55 18 -7
-56 19 -8
-56 18 -6
-54 24 -6
-50 28 -8
-44 26 -10
-37 24 -13
-27 22 -18
-19 16 -24
-10 7 -29
0 -1 -30
9 -11 -26
14 -33 -17
12 -55 -13
18 -43 8
12 -32 32
-8 -14 66
-34 -5 84
-54 34 89
-66 75 100
-77 83 103
-70 88 97
-47 88 96
-25 87 76
-14 75 60
-2 67 49
-2 54 34
-2 50 22
6 57 11
11 56 -2
12 42 -8
13 29 -3
12 23 -5
6 14 -13
1 7 -17
0 7 -21
1 6 -22
1 -2 -20
3 -10 -19
4 -10 -13
1 -26 -9
7 -28 -4
1 -24 8
-22 -44 17
-18 -21 25
-41 0 43
-77 -34 67
-77 13 117
-92 51 125
-87 70 116
-62 85 91
-40 90 65
-28 84 48
-19 71 45
-15 60 35
-10 51 26
-6 38 21
-4 34 9
-3 30 -4
-5 27 -11
-4 25 -11
-1 23 -4
-7 17 -11
-11 14 -19
-11 18 -24
-11 17 -29
-6 14 -26
-1 8 -22
-2 -13 -11
4 -24 -2
4 -35 3
-2 -41 8
-12 -29 14
-29 -27 27
-60 -34 45
-67 -1 82
-96 35 117
-102 63 126
-80 89 122
-52 93 89
-28 96 61
-16 87 44
-10 66 35
-11 49 23
-12 42 11
-9 36 9
-4 34 8
-2 32 1
-76 -14 47
-96 20 102
-126 16 127
-99 60 127
-59 95 118
-23 115 71
-8 106 36
-3 82 17
-3 61 10
-1 45 10
2 39 6
1 38 -4
2 33 -4
5 26 1
-1 13 -3
-7 7 -12
-10 2 -19
-10 4 -24
-9 6 -23
-8 -1 -23
-3 -4 -24
-5 -5 -21
-2 -19 -15
-4 -26 -12
-1 -27 1
-2 -29 10
-21 -31 22
-39 -21 24
-59 -11 48
-81 -3 96
-105 12 116
-96 56 125
-70 82 107
-45 100 68
-30 100 41
-21 83 31
-19 63 21
-15 48 17
-11 40 14
-8 32 9
-6 33 3
-4 30 5
-6 19 3
-9 16 -4
-12 11 -7
-10 16 -8
-15 14 -15
-16 15 -18
-18 14 -18
-20 12 -18
-18 8 -16
-14 0 -16
-12 -8 -16
-12 -21 -16
-6 -20 -10
-6 -28 4
-8 -35 0
-4 -14 11
-31 -23 21
-54 -14 31
-70 14 57
-98 22 84
-107 46 107
-91 82 115
-67 95 91
-41 102 61
-20 90 40
-11 68 25
-5 53 14
-1 43 9
1 35 5
-1 34 -5
-4 29 -11
-5 21 -12
-4 19 -12
-6 14 -10
-9 11 -11
-12 13 -15
-13 14 -17
-11 12 -16
-7 5 -12
-4 -1 -14
-7 -9 -9
-7 -29 -3
2 -16 5
-7 -29 11
-14 -47 14
-26 -18 23
-59 -15 32
-70 -2 76
-93 16 109
-101 48 111
-79 81 105
-48 102 80
-29 104 55
-18 91 41
-10 75 34
-6 57 29
-1 54 20
4 50 14
4 44 5
2 38 -5
2 30 -8
4 22 -2
3 18 1
-5 9 -9
-10 6 -15
-10 7 -20
-10 4 -18
-13 -6 -14
-10 -10 -14
-15 -10 -5
-19 -27 -2
-14 -21 1
-16 -11 6
-24 -15 8
-28 -1 23
-42 7 26
-46 14 35
-56 43 49
-75 36 47
-86 26 62
-76 63 73
-70 73 71
-65 84 65
-54 91 57
-39 91 49
-14 103 37
11 109 24
29 90 7
40 40 -2
38 2 -10
33 -9 -16
25 -18 -21
3 -30 -27
-14 -32 -18
-26 -19 -7
-38 -13 -1
-48 -13 5
-54 -17 8
-58 -19 6
-59 -12 3
-57 -6 3
-55 -3 0
-54 0 -2
-51 2 -4
-49 2 -5
-47 3 -8
-46 1 -10
-45 5 -10
-45 6 -11
-45 8 -9
-43 6 -7
-45 5 -8
-44 6 -6
-45 7 -7
-46 5 -8
-46 10 -5
-45 5 -5
