-48 6 -11
-47 4 -12
-48 4 -12
-47 4 -12
-47 3 -12
-48 4 -12
-48 4 -12
-48 4 -11
-48 5 -11
-48 4 -11
-48 4 -11
-48 4 -12
-48 5 -12
-47 4 -12
-47 4 -12
-47 4 -12
-48 4 -12
-48 3 -13
-47 3 -12
-47 4 -12
-48 5 -11
-48 4 -11
-48 4 -11
-48 4 -11
-47 5 -11
-47 4 -12
-48 4 -12
-48 3 -12
-48 3 -11
-47 4 -11
-48 4 -12
-49 4 -12
-48 4 -11
-48 4 -11
-48 4 -12
-48 4 -12
-48 4 -12
-48 4 -12
-48 3 -12
-48 4 -12
-49 4 -12
-49 3 -11
-50 4 -11
-51 9 -12
-53 14 -12
-54 18 -13
-53 17 -10
-52 20 -10
-49 25 -12
-42 22 -14
-31 18 -15
-21 16 -20
-14 11 -28
-7 5 -31
2 3 -24
7 -14 -18
7 -42 -4
15 -31 18
0 -27 47
-8 -13 57
-29 16 73
-61 15 87
-70 40 89
-70 70 83
-58 85 68
-42 90 60
-24 90 63
-14 81 60
-3 69 53
1 63 38
4 59 24
9 53 10
14 53 0
14 45 -7
12 35 -11
8 27 -15
5 22 -19
4 16 -21
3 6 -23
4 2 -24
6 -3 -20
7 -15 -17
11 -18 -13
11 -25 -5
4 -34 10
-5 -36 12
-13 -23 20
-43 -36 50
-50 -15 65
-68 19 106
-76 52 116
-69 94 111
-55 85 96
-29 82 85
-10 100 65
-5 96 42
-1 87 28
6 77 23
7 56 18
10 44 10
10 41 -1
10 37 -11
14 31 -6
12 21 -5
5 14 -12
0 7 -17
-2 5 -21
0 2 -22
3 -3 -21
6 -9 -17
8 -14 -10
6 -29 5
2 -38 10
-4 -36 8
-19 -27 26
-39 -15 35
-66 8 71
-85 36 101
-105 67 116
-84 118 111
-55 115 99
-28 102 78
-10 94 50
1 92 33
9 76 24
9 57 18
5 43 10
8 47 -4
10 45 -12
11 33 -12
14 27 0
6 14 -7
0 8 -15
-2 4 -17
-2 1 -19
2 -1 -18
5 -5 -16
5 -13 -16
7 -18 -9
5 -32 3
-2 -43 1
-7 -36 6
-33 -31 29
-71 -37 57
-91 8 105
-121 29 120
-121 59 127
-67 102 122
-32 106 82
-12 111 47
-6 94 25
-6 71 21
-2 59 23
4 56 14
4 52 3
4 43 -3
10 40 -5
12 36 -1
2 13 -4
-1 7 -7
-5 4 -17
-5 5 -22
-2 5 -19
-6 3 -21
-4 -5 -22
3 -3 -20
5 -5 -16
-1 -30 -9
5 -30 -7
0 -34 10
-31 -57 6
-35 -34 25
-79 -11 82
-117 -2 124
-128 28 127
-108 56 127
-56 95 112
-18 115 67
-5 109 31
-4 86 13
-2 63 17
1 52 18
0 45 7
-2 43 -3
1 39 -3
7 33 7
3 20 1
-1 9 -6
-4 6 -12
-4 5 -17
0 9 -20
-1 7 -20
-6 -3 -20
0 -6 -16
-5 -11 -11
-9 -29 -3
-7 -38 6
-7 -39 14
-18 -42 18
-36 -33 22
-67 -18 30
-90 -18 76
-110 20 115
-114 51 125
-86 76 118
-51 92 88
-24 98 57
-13 91 37
-8 75 25
-7 53 19
-4 42 15
1 40 9
3 39 3
3 34 3
3 20 7
-3 10 4
-8 7 -6
-9 11 -15
-11 16 -21
-10 17 -21
-7 13 -18
-4 6 -18
-5 3 -19
-2 -6 -17
3 -20 -8
1 -35 5
-2 -43 -6
-3 -45 10
-31 -32 5
-63 -41 23
-79 -24 95
-100 38 127
-109 76 125
-81 108 108
-42 118 74
-18 116 40
-5 107 22
-6 77 14
-6 56 17
0 53 21
-4 40 13
-5 33 3
-4 34 -5
2 32 0
-1 18 -4
-7 13 -14
-8 13 -19
-11 8 -22
-9 11 -26
-10 11 -24
-12 1 -23
-6 -3 -17
-1 -1 -14
-3 -11 -9
-1 -22 -8
6 -22 -1
8 -30 7
-1 -30 11
-38 -29 19
-65 -10 47
-86 44 113
-125 60 116
-125 49 115
-86 76 102
-47 101 72
-14 120 48
2 99 31
10 88 31
14 69 18
17 50 18
18 36 8
12 27 -8
9 13 -13
1 -4 -7
-8 -12 -4
-23 -15 -12
-32 -7 -17
-36 3 -16
-39 11 -12
-42 8 -9
-45 -1 -6
-47 -4 -6
-48 -1 -8
-49 -2 -9
-48 1 -10
-47 5 -8
-46 6 -9
-48 4 -10
-47 8 -9
-48 9 -9
-48 9 -8
-49 10 -7
-48 10 -6
-47 9 -4
-47 5 -7
-46 7 -6
-47 10 -7
-46 11 -7
-45 11 -9
