-47 6 -18
-48 5 -20
-48 5 -21
-47 5 -20
-48 6 -20
-47 6 -20
-48 6 -20
-47 6 -19
-48 5 -19
-47 5 -19
-48 5 -18
-48 5 -18
-48 5 -19
-48 5 -19
-48 7 -19
-48 7 -18
-47 6 -19
-48 6 -19
-48 5 -19
-48 6 -19
-48 6 -19
-47 5 -19
-47 6 -20
-47 5 -19
-47 6 -19
-48 6 -18
-48 6 -18
-49 6 -18
-48 5 -18
-49 6 -18
-48 7 -18
-48 7 -19
-47 7 -19
-48 7 -19
-48 6 -19
-48 9 -19
-49 11 -20
-50 13 -20
-50 16 -20
-49 20 -19
-47 22 -19
-43 23 -21
-39 22 -22
-32 17 -23
-24 11 -24
-18 6 -27
-12 3 -30
-7 -1 -29
-1 -16 -22
0 -47 -6
-1 -57 8
-2 -32 28
-21 -15 60
-48 2 85
-68 37 95
-77 49 105
-61 77 109
-42 93 81
-28 93 64
-12 90 55
-8 74 41
2 20 -21
-2 -5 -23
-5 -10 -22
-9 -31 -14
-8 -33 -10
-19 -33 5
-35 -47 11
-39 -20 35
-62 -21 67
-76 -17 99
-75 25 127
-72 49 117
-49 76 98
-27 92 72
-18 89 46
-13 78 29
-8 61 21
-2 48 18
1 43 11
4 39 1
5 38 -6
3 30 -9
0 20 -7
-1 15 -7
-7 5 -12
-13 3 -19
-10 4 -23
-11 1 -24
-12 -4 -25
-4 -6 -23
-7 -13 -17
-20 -42 -7
-16 -37 3
-13 -19 20
-46 -52 23
-42 -26 39
-54 -4 63
-76 0 75
-80 34 92
-78 53 95
-65 63 83
-39 90 72
-20 89 52
-15 74 29
-10 60 14
-3 49 12
-1 45 6
2 49 -3
1 44 -10
1 37 -11
-1 28 -10
-3 19 -12
-9 11 -16
-10 13 -23
-12 8 -25
-7 1 -22
-4 -1 -18
-3 -5 -18
-5 -12 -19
-13 -24 -10
-16 -23 -2
-20 -23 7
-30 -34 13
-42 -14 19
-58 -16 46
-66 -10 87
-72 18 107
-72 35 110
-52 72 95
-39 78 69
-24 87 45
-17 87 25
-13 75 12
-11 61 9
-4 56 12
0 55 2
0 46 -4
1 39 -4
5 36 -2
1 24 -3
-5 14 -6
-10 12 -10
-14 13 -19
-14 12 -24
-8 7 -23
-5 2 -20
-5 -4 -20
-7 -17 -20
-4 -17 -14
-13 -21 -1
-14 -34 7
-20 -27 4
-51 -23 3
-63 -16 27
-85 3 75
-104 7 107
-96 42 121
-63 84 96
-34 104 62
-17 107 32
-13 91 12
-11 75 -2
-11 63 -12
-9 55 -19
-4 50 -20
2 45 -14
4 41 -13
2 38 -14
1 30 -12
-2 21 -8
-6 16 -9
-10 15 -14
-12 12 -15
-10 5 -11
-9 0 -8
-8 -7 -6
-7 -20 -3
-14 -26 -5
-21 -33 -3
-23 -33 -3
-38 -15 -2
-58 -17 15
-70 -10 45
-84 22 72
-92 46 77
-87 71 76
-68 83 69
-51 84 53
-30 93 44
-16 70 22
-15 58 11
-8 51 6
-2 45 1
4 41 1
4 30 -6
1 22 -9
0 9 -10
-3 2 -9
-7 1 -12
-13 -3 -17
-12 -3 -19
-12 -3 -16
-7 -9 -14
-6 -16 -12
-8 -23 0
-14 -32 10
-35 -50 9
-49 -61 8
-59 -27 21
-70 3 42
-91 24 64
-90 36 88
-79 29 110
-51 56 93
-35 76 66
-28 80 36
-26 65 16
-22 50 13
-13 49 15
-11 45 9
-7 42 3
-4 41 -2
-4 32 -2
-4 22 0
-8 15 -5
-9 13 -12
-13 10 -18
-13 10 -21
-12 9 -20
-15 5 -18
-12 4 -17
-11 3 -13
-18 -9 -10
-15 -21 -8
-15 -16 1
-32 -26 13
-30 -32 11
-27 -8 21
-47 -5 28
-59 0 42
-64 24 67
-74 31 74
-70 52 71
-61 60 61
-48 63 52
-34 73 42
-25 75 31
-23 64 22
-16 59 24
-12 55 23
-9 48 15
-6 42 10
0 39 8
3 37 1
-2 23 -7
-6 13 -6
-11 -1 -5
-23 -7 -11
-31 -3 -14
-35 0 -13
-39 2 -12
-41 4 -9
-43 4 -7
-44 4 -6
-45 1 -8
-47 5 -6
