-46 4 -12
-48 4 -14
-47 4 -13
-48 3 -13
-48 4 -14
-48 4 -14
-48 4 -14
-48 4 -14
-48 5 -14
-48 5 -13
-48 4 -14
-48 4 -14
-48 4 -13
-48 4 -13
-48 4 -13
-49 3 -13
-48 3 -14
-48 4 -15
-48 5 -14
-48 6 -14
-48 5 -15
-48 5 -15
-48 4 -15
-48 4 -15
-48 4 -15
-48 4 -15
-49 4 -15
-48 5 -14
-49 5 -14
-49 4 -15
-49 4 -15
-49 4 -15
-51 5 -15
-52 8 -15
-54 8 -17
-55 12 -16
-53 14 -12
-53 15 -10
-53 14 -8
-50 16 -6
-47 20 -7
-44 24 -13
-39 22 -16
-36 20 -19
-31 17 -20
-25 12 -18
-20 5 -21
-16 11 -23
-14 -1 -23
-10 -33 -12
-10 -32 -2
-17 -32 -6
-7 -22 2
-23 -24 21
-29 19 41
-56 3 57
-53 22 64
-56 53 56
-63 50 43
-60 66 37
-50 72 42
-42 74 43
-34 73 43
-25 65 52
-20 58 48
-13 58 37
-10 55 21
-9 50 6
-5 47 0
-1 39 1
-2 32 0
-6 30 -6
-9 24 -12
-8 26 -16
-7 25 -16
-5 19 -18
-3 9 -21
-3 1 -22
-2 -6 -20
3 -12 -21
4 -16 -6
-7 -35 1
2 -24 14
-9 -12 33
-45 -25 47
-35 16 45
-61 31 50
-71 37 59
-73 56 63
-68 72 51
-67 62 49
-50 64 61
-37 62 61
-29 57 53
-21 60 43
-14 62 33
-11 62 20
-13 55 9
-11 51 8
-6 46 8
-4 39 4
-4 30 -2
-4 26 -7
-4 22 -11
-1 19 -15
-1 14 -21
-1 10 -27
3 4 -26
7 -4 -27
12 -7 -22
5 -23 -16
8 -24 -8
3 -6 10
-22 -42 32
-19 -18 38
-47 14 49
-77 5 53
-71 40 77
-90 29 76
-84 38 76
-66 66 67
-48 71 57
-33 73 47
-28 68 42
-23 64 38
-23 55 30
-19 55 24
-17 56 14
-13 47 12
-10 35 14
-7 35 6
-8 30 -4
-10 24 -10
-5 28 -10
-2 23 -9
-8 12 -19
-6 15 -25
-5 14 -26
-5 4 -25
-5 -5 -23
5 -4 -19
5 -6 -16
-2 -31 -11
-2 -37 -2
-2 -18 12
-18 -29 26
-34 -10 35
-85 -3 55
-99 8 79
-117 17 89
-112 38 79
-87 63 63
-51 79 54
-30 82 40
-28 69 32
-25 64 28
-22 64 20
-24 46 12
-20 38 13
-11 42 14
-9 40 4
-13 26 0
-9 26 -2
0 24 4
-9 9 -6
-11 14 -16
-12 18 -23
-12 12 -24
-13 9 -20
-10 8 -19
-5 4 -16
2 -5 -15
7 -13 -10
5 -27 1
-1 -46 7
-6 -44 16
-20 -27 23
-49 -5 24
-67 18 53
-94 17 83
-105 30 99
-96 48 95
-75 58 80
-44 72 65
-33 70 47
-28 65 35
-20 60 29
-18 58 24
-18 46 20
-12 41 20
-9 36 13
-5 41 7
-3 33 6
-3 24 1
-2 24 -1
-9 16 -7
-11 19 -16
-10 23 -18
-9 20 -15
-8 12 -16
-12 5 -20
-9 1 -21
2 0 -16
0 -12 -14
-6 -29 -4
-2 -24 6
-13 -21 9
-27 -35 25
-26 -2 36
-58 -3 35
-63 8 49
-60 40 75
-73 35 62
-64 45 61
-48 65 58
-44 48 52
-36 46 58
-27 55 57
-28 56 49
-27 57 40
-22 53 34
-19 53 26
-15 49 18
-12 41 18
-6 41 18
-7 35 9
-6 32 4
-1 27 5
-3 21 -1
-7 20 -10
-5 24 -16
-4 18 -21
-2 10 -22
8 9 -18
13 4 -18
15 -7 -20
18 -19 -11
12 -45 1
7 -46 5
-14 -44 12
-26 -39 44
-51 -3 49
-79 7 75
-82 17 113
-92 30 108
-73 54 94
-56 51 71
-30 64 62
-15 78 49
-18 69 38
-16 58 38
-12 54 35
-14 47 29
-12 42 26
-3 52 25
2 53 24
3 41 13
0 29 2
3 29 -5
8 21 -7
2 10 -16
1 10 -20
3 10 -23
0 2 -26
3 -5 -27
8 -12 -22
7 -19 -14
9 -29 -2
3 -40 4
-5 -35 16
-34 -51 26
-36 -29 39
-74 -10 69
-91 1 96
-84 44 123
-71 73 95
-50 76 66
-28 76 38
-19 54 22
-12 39 18
-15 23 10
-18 12 5
-22 12 3
-25 8 8
-27 10 13
-28 11 14
-29 14 12
-31 12 12
-32 8 13
-33 9 13
-34 7 11
-34 7 11
-35 8 11
-35 9 10
-37 10 10
-37 13 10
-36 14 11
-36 14 11
-36 12 10
-35 10 11
-36 10 12
-36 9 10
-36 8 11
-36 11 13
-37 12 12
-37 13 11
-37 12 11
-36 12 12
-36 11 12
-36 10 11
-37 10 11
-37 9 12
-36 8 13
-36 8 13
-36 10 12
-36 11 11
-36 12 12
-36 13 11
-36 13 12
-36 13 12
-36 11 13
-36 10 13
-35 10 13
-37 10 12
-37 10 12
-36 10 12
-36 10 11
-36 10 11
-36 11 11
-36 13 13
