-48 8 -12
-47 7 -14
-47 6 -13
-46 6 -12
-47 6 -12
-47 7 -11
-47 8 -11
-46 8 -12
-47 7 -13
-47 8 -12
-47 8 -12
-47 8 -12
-48 8 -12
-47 8 -12
-47 7 -12
-47 6 -12
-47 7 -12
-47 7 -13
-47 7 -13
-48 7 -14
-47 7 -13
-47 7 -12
-48 8 -12
-48 7 -12
-48 9 -12
-49 8 -12
-48 8 -12
-48 8 -11
-48 10 -13
-48 13 -13
-48 15 -13
-48 16 -13
-48 18 -11
-45 24 -12
-38 25 -13
-28 20 -15
-19 15 -20
-15 14 -27
-12 4 -32
-7 -1 -33
-1 -11 -29
3 -43 -12
-1 -58 5
-4 -46 46
-19 -27 81
-46 -9 97
-63 23 109
-55 56 127
-46 65 113
-23 81 90
-10 84 69
-4 76 54
0 65 41
1 53 28
0 44 16
2 41 7
6 39 -2
10 36 -12
7 26 -17
6 20 -20
6 -15 -28
-68 15 123
-57 31 103
-33 73 78
-24 90 64
-13 83 62
-3 71 52
0 64 36
1 57 22
5 52 11
7 45 2
9 43 -6
12 34 -3
9 17 -5
3 10 -14
2 3 -21
2 -7 -23
-3 -13 -22
-2 -17 -21
5 -16 -17
5 -24 -10
-11 -41 3
-14 -47 -2
-29 -22 15
-57 -34 44
-67 -15 84
-89 -1 104
-90 9 113
-80 20 111
-53 48 96
-33 70 69
-22 73 56
-21 64 44
-12 60 32
-9 48 19
-6 35 12
-1 33 1
2 33 -7
2 29 -14
4 26 -15
4 16 -12
0 4 -18
-1 2 -26
2 -1 -28
3 -6 -30
4 -10 -27
7 -29 -14
-3 -39 -8
-20 -47 -2
-30 -49 6
-54 -37 31
-69 -35 71
-86 -27 107
-93 -12 118
-83 26 113
-50 65 91
-32 78 57
-23 80 28
-19 71 13
-15 70 4
-11 67 -1
-11 51 -6
-11 40 -10
-5 38 -9
1 38 -8
1 30 -12
0 20 -16
0 12 -18
5 6 -19
11 3 -22
13 -1 -24
8 -7 -25
4 -25 -23
-2 -32 -16
-20 -41 2
-28 -49 16
-49 -39 34
-66 -33 60
-78 -33 83
-87 -28 86
-74 4 88
-44 49 90
-20 81 71
-15 93 48
-12 88 42
-10 77 40
-6 71 34
-3 63 26
0 54 20
3 48 14
6 42 8
9 33 5
7 23 -3
2 15 -11
2 9 -17
0 4 -22
-1 4 -26
-1 -7 -26
0 -14 -24
5 -16 -14
0 -28 8
-12 -49 9
-39 -47 -4
-48 -37 -2
-56 -29 14
-78 -26 25
-91 -16 47
-93 -2 70
-84 20 92
-60 53 87
-47 71 63
-30 95 42
-23 93 22
-21 79 6
-19 63 -5
-15 50 -5
-10 41 -1
-6 38 -4
0 40 -11
1 30 -12
-1 19 -14
-2 11 -12
-4 5 -12
-5 1 -16
-4 2 -19
-3 2 -20
0 0 -18
-4 -10 -11
-9 -27 -4
-15 -30 2
-29 -49 15
-38 -47 21
-54 -30 31
-67 -29 53
-65 -10 78
-73 3 94
-61 20 102
-46 42 96
-34 62 78
-26 67 58
-18 66 38
-14 60 22
-12 48 12
-9 42 7
-6 38 4
-4 38 0
-4 34 -6
-6 29 -10
-9 20 -10
-8 15 -11
-6 14 -14
-7 8 -19
-7 1 -21
-4 3 -21
0 3 -22
0 -5 -16
-5 -28 -8
-8 -24 0
-25 -26 13
-44 -37 13
-65 -25 31
-84 -22 71
-93 -6 101
-89 14 103
-67 53 85
-41 78 59
-25 81 30
-22 75 8
-19 67 -1
-15 60 -1
-9 56 3
-10 45 -4
-10 38 -5
-9 30 -4
-8 23 -3
-12 14 -4
-19 4 -1
-26 2 -3
-32 5 -5
-34 9 -5
-37 13 -6
-37 14 -4
-41 8 -2
-39 9 1
-45 5 -6
-45 9 -5
