-48 3 -18
-48 5 -17
-48 4 -18
-47 4 -17
-48 5 -18
-48 4 -19
-49 4 -17
-48 5 -15
-48 5 -15
-48 4 -17
-47 5 -18
-47 4 -18
-47 4 -19
-48 5 -17
-48 5 -17
-47 4 -17
-47 4 -17
-48 5 -17
-48 5 -18
-48 5 -18
-48 5 -18
-48 5 -17
-49 5 -17
-48 4 -17
-48 4 -17
-47 4 -18
-48 4 -17
-48 4 -17
-48 4 -18
-48 5 -17
-48 5 -17
-48 5 -17
-48 5 -16
-48 5 -17
-49 5 -17
-48 5 -17
-49 7 -17
-50 8 -16
-50 9 -17
-51 13 -17
-51 14 -16
-51 18 -17
-50 19 -17
-46 22 -18
-43 24 -21
-38 19 -22
-32 14 -21
-25 10 -22
-16 9 -23
-8 2 -22
-2 -5 -20
5 -12 -14
6 -42 -5
3 -48 8
-7 -27 35
-25 -17 61
-55 -17 72
-71 2 76
-83 15 77
-86 25 83
-65 34 97
-43 50 93
-22 64 78
-12 69 59
-8 63 44
-8 58 29
-6 54 16
-5 45 9
-2 34 7
0 35 1
0 34 -4
-1 28 -5
-6 19 -7
-10 20 -12
-11 22 -14
-13 15 -18
-11 17 -18
-11 13 -19
-6 8 -18
0 5 -19
2 -2 -18
1 -22 -8
-2 -39 -3
-1 -32 1
-11 -37 4
-21 -58 26
-38 -48 54
-59 -25 84
-81 -14 104
-93 2 119
-82 28 127
-50 62 118
-27 76 82
-19 72 54
-15 57 41
-9 45 34
-7 43 25
-5 42 14
-4 34 7
-4 27 0
-1 28 0
-1 25 0
-3 17 -6
-4 15 -13
-6 12 -20
-5 9 -26
-5 4 -27
-5 0 -27
1 -8 -21
2 -18 -11
-3 -34 -2
-4 -43 4
-7 -25 16
-33 -33 20
-40 -23 33
-69 -17 59
-86 -20 83
-90 1 117
-80 34 127
-55 63 114
-29 75 76
-17 68 45
-16 50 29
-15 38 26
-11 36 24
-11 37 14
-10 39 5
-8 35 3
-6 34 5
-6 30 1
-10 23 -1
-10 16 -1
-11 13 -8
-10 16 -15
-5 15 -15
-3 5 -16
3 -14 -13
9 -16 -13
9 -25 -5
0 -47 0
0 -49 2
-30 -57 34
-49 -68 68
-72 -38 100
-80 -11 126
-65 25 127
-41 52 126
-18 57 100
-7 56 71
-3 47 51
-2 42 36
-4 36 25
-3 42 15
-2 42 8
-3 39 5
-3 33 2
-4 30 2
-6 21 0
-9 20 -2
-12 19 -9
-11 18 -10
-12 15 -13
-13 12 -15
-11 7 -14
-7 -1 -13
-4 -10 -7
-5 -19 -3
-2 -23 1
-2 -24 7
-20 -30 5
-31 -39 17
-41 -2 28
-77 -15 42
-80 -8 70
-95 17 89
-83 43 104
-62 65 104
-41 72 86
-25 70 63
-13 70 42
-11 62 20
-11 50 9
-7 44 9
-3 43 3
-3 39 0
-3 32 1
-5 27 -1
-8 21 -5
-12 14 -9
-14 15 -13
-12 15 -16
-9 12 -18
-8 7 -20
-8 -2 -21
-3 -15 -19
-4 -20 -15
-4 -17 -16
-4 -15 -9
-18 -27 2
-23 -27 15
-28 -6 32
-59 -28 39
-66 -26 65
-86 -25 86
-89 10 101
-69 54 116
-35 70 127
-20 62 106
-5 66 79
0 60 50
4 53 29
5 45 18
6 39 11
7 34 5
7 28 3
3 21 0
-1 14 -7
-5 10 -11
-8 9 -18
-10 12 -22
-11 8 -21
-11 3 -18
-12 1 -17
-7 -9 -12
-2 -17 -8
-5 -29 -2
-8 -45 2
-8 -39 17
-30 -39 2
-46 -38 -5
-66 -40 42
-91 -31 91
-109 30 113
-99 93 111
-76 112 88
-50 111 59
-28 101 39
-20 81 20
-17 57 10
-16 42 2
-14 40 -6
-8 38 -1
-10 26 -3
-12 22 -7
-11 16 -8
-11 12 -6
-12 15 -8
-16 15 -15
-16 15 -20
-14 18 -23
-13 11 -21
-11 1 -16
-11 -6 -16
-8 -10 -13
-12 -16 -7
-16 -28 -2
-13 -21 8
-15 -16 16
-25 -28 16
-37 -25 27
-56 -23 51
-83 -23 69
-104 -19 110
-109 17 91
-86 35 88
-48 60 93
-22 88 62
-14 86 22
-13 69 1
-13 57 -10
-16 43 -17
-3 42 -2
-3 38 -7
-8 26 -11
-8 20 -4
-11 12 -4
-18 1 -9
-26 -5 -10
-30 -1 -10
-35 0 -8
-41 2 -10
