-47 5 -16
-48 5 -16
-48 4 -18
-48 7 -18
-48 7 -17
-48 6 -17
-48 6 -16
-48 4 -16
-48 4 -16
-47 3 -16
-48 4 -16
-48 5 -17
-47 6 -16
-48 5 -16
-47 6 -17
-48 6 -17
-48 6 -17
-48 6 -16
-47 5 -16
-47 5 -17
-48 5 -17
-49 6 -17
-48 6 -16
-48 6 -17
-48 6 -17
-48 6 -17
-48 6 -16
-48 6 -16
-48 6 -16
-48 5 -16
-48 5 -17
-47 5 -16
-47 6 -17
-48 7 -17
-48 6 -18
-48 6 -18
-49 6 -17
-48 8 -15
-48 9 -16
-50 11 -16
-49 12 -16
-49 12 -16
-51 13 -17
-51 14 -15
-50 19 -14
-47 22 -15
-42 24 -17
-36 23 -20
-26 17 -23
-17 11 -28
-9 8 -31
-4 0 -34
2 -14 -35
10 -38 -19
8 -54 1
-9 -48 18
-20 -29 54
-44 -26 89
-66 -9 102
-73 36 118
-61 56 126
-46 67 111
-21 84 91
-5 91 69
0 86 49
1 71 34
1 51 26
4 39 19
8 35 9
11 38 -1
11 32 -12
8 22 -16
4 9 -16
3 2 -13
-2 -1 -20
-8 -5 -29
-6 -5 -29
-3 -6 -31
-2 -10 -24
-6 -29 -12
-8 -38 -10
-17 -28 -1
-41 -37 9
-50 -13 23
-67 -2 53
-91 -22 90
-87 4 114
-85 28 109
-53 75 92
-34 83 61
-23 83 34
-21 76 19
-12 71 15
-6 68 8
-2 60 3
3 53 5
2 40 5
4 39 -2
5 32 -7
0 19 -13
-1 13 -18
-1 8 -22
0 0 -25
2 -3 -25
1 -10 -26
4 -21 -25
5 -22 -16
-4 -34 -5
-15 -44 -7
-28 -24 15
-53 -36 35
-68 -15 53
-93 -15 72
-110 -12 99
-92 25 126
-68 57 111
-39 90 81
-22 102 50
-20 91 31
-7 76 28
3 57 25
3 36 14
5 30 6
3 26 -5
3 22 -10
4 18 -7
0 9 -9
-8 6 -16
-8 10 -22
-5 7 -25
-4 1 -24
-1 -5 -24
3 -14 -21
-3 -36 -21
-4 -33 -21
-13 -25 -10
-28 -46 2
-32 -30 36
-64 -32 75
-89 -31 111
-101 2 127
-84 49 127
-55 73 106
-23 95 69
-11 91 35
-10 77 12
-10 64 -2
-7 50 -4
-4 41 -1
-2 33 -2
-1 34 -7
0 30 -6
3 22 -4
1 16 -8
-1 9 -15
-1 5 -21
-1 5 -25
-2 1 -25
1 -10 -22
-1 -19 -18
-9 -31 -2
-12 -39 7
-19 -20 17
-43 -28 15
-58 -31 33
-79 -27 69
-93 -10 96
-97 34 107
-82 69 95
-54 88 75
-35 89 52
-23 78 37
-19 59 27
-12 49 24
-4 45 19
-3 41 7
0 39 -4
1 40 -15
2 29 -18
4 21 -12
2 11 -9
-3 6 -12
-9 11 -18
-11 13 -22
-3 12 -20
4 6 -17
3 -4 -14
-2 -23 -9
-2 -32 -19
-3 -34 -16
-9 -49 9
-22 -42 27
-46 -46 75
-56 -40 127
-66 -16 127
-57 19 127
-25 52 122
-4 62 81
4 68 54
7 64 34
3 55 15
1 55 3
3 47 0
2 41 -3
6 41 -5
8 33 -7
4 22 -9
2 16 -11
0 8 -13
-3 8 -17
-4 4 -18
-1 -2 -18
1 -5 -17
-3 -11 -15
-5 -20 -14
0 71 10
-1 59 8
3 55 13
7 50 10
4 44 2
4 41 -3
2 36 -4
0 27 -5
0 24 -4
-3 17 -6
-7 13 -12
-8 12 -17
-7 10 -17
-4 4 -14
-3 -1 -13
-7 -10 -13
-9 -20 -1
-13 -18 4
-25 -21 7
-24 -18 13
-35 -6 24
-52 -7 38
-63 3 64
-68 26 88
-75 22 90
-65 43 78
-48 49 61
-34 56 45
-21 72 35
-16 66 32
-10 62 33
-7 54 34
-2 57 29
0 49 21
1 39 11
4 38 5
4 33 -1
0 19 -6
-4 12 -8
-13 3 -8
-22 0 -12
-27 7 -14
-32 7 -12
-33 10 -8
-37 10 -6
-42 6 -6
