-48 6 -17
-48 4 -17
-48 5 -17
-48 5 -18
-48 4 -18
-47 4 -18
-46 5 -17
-47 4 -18
-47 5 -18
-48 5 -17
-48 5 -17
-49 4 -17
-48 4 -16
-48 5 -16
-48 5 -17
-48 4 -16
-48 5 -17
-48 5 -17
-48 4 -17
-48 4 -17
-48 4 -17
-47 4 -17
-48 4 -17
-48 5 -17
-48 4 -17
-48 5 -17
-47 5 -17
-48 5 -17
-48 5 -17
-48 4 -18
-48 4 -17
-48 4 -17
-48 4 -17
-48 4 -17
-48 5 -17
-48 5 -17
-48 5 -18
-48 5 -17
-48 5 -17
-49 5 -18
-50 6 -17
-50 9 -17
-50 10 -17
-51 10 -17
-52 12 -18
-52 19 -16
-47 28 -11
-41 30 -12
-33 25 -13
-26 26 -19
-20 24 -28
-15 11 -30
-10 -4 -28
-2 -18 -22
5 -38 -19
0 -59 -7
-4 -57 11
-9 -40 41
-30 -25 71
-52 -12 83
-71 27 88
-83 41 90
-88 58 96
-69 82 95
-42 108 84
-25 100 61
-12 83 44
-3 66 32
2 52 18
6 46 3
9 36 -8
10 30 -16
10 26 -16
6 12 -17
0 6 -19
-5 6 -23
-3 5 -23
1 3 -21
7 4 -18
-2 1 -16
-4 -29 -13
-7 -45 -17
-7 -19 -5
-28 -44 4
-30 -34 15
-63 -26 43
-76 -18 76
-75 35 96
-97 31 83
-83 59 84
-61 75 72
-50 72 52
-40 71 36
-35 66 24
-26 68 17
-20 67 11
-13 65 5
-3 57 2
6 50 0
8 42 -11
7 30 -17
5 17 -19
3 12 -18
-1 6 -18
-1 3 -21
1 5 -24
0 -1 -20
3 -14 -17
3 -22 -13
2 -24 -5
-7 -46 -1
-22 -45 -3
-37 -39 15
-55 -32 38
-78 -12 70
-90 3 100
-94 25 123
-77 66 116
-53 86 90
-28 100 59
-15 100 31
-11 90 11
-6 79 -1
-3 64 -7
0 50 -8
0 37 -11
2 35 -14
0 30 -15
0 21 -6
-2 14 -2
-7 9 -10
1 -10 -14
-10 -14 -13
-14 -28 -15
-3 -10 3
-26 -19 6
-64 -73 -9
-59 -50 36
-84 -51 66
-103 -32 73
-106 8 98
-86 53 112
-59 96 84
-45 97 47
-32 94 25
-21 78 21
-17 60 18
-12 47 14
-10 35 3
-6 35 -6
-4 31 -16
-2 24 -13
0 16 -7
-6 3 -13
-8 5 -21
-8 6 -27
-8 6 -27
-4 3 -25
-1 0 -23
-5 -8 -18
-8 -30 -18
-12 -24 -11
-20 -35 -3
-27 -38 -7
-38 -25 11
-44 -28 38
-41 -10 94
-64 -10 115
-65 15 127
-55 45 127
-34 69 111
-14 80 84
-5 74 59
-3 66 37
-1 58 24
1 52 11
3 46 4
5 38 -2
7 30 -5
7 22 -7
5 16 -10
1 9 -15
-2 2 -19
-3 5 -24
-4 0 -24
-2 -4 -25
0 -5 -22
-2 -16 -16
-7 -24 -8
-17 -12 -3
-32 -46 10
-26 -36 11
-48 -30 16
-66 -45 31
-76 -36 87
-84 -17 125
-73 14 127
-53 47 119
-28 77 90
-18 83 53
-18 68 29
-19 51 14
-18 37 7
-10 41 11
1 44 16
1 43 6
0 35 -2
1 30 -8
0 26 -11
-2 20 -13
-5 13 -16
-5 11 -20
-5 10 -21
-2 2 -20
1 -9 -19
-1 -9 -17
-8 -28 -18
-4 -36 -16
-5 -26 -7
-18 -37 7
-28 -47 11
-45 -33 48
-62 -31 89
-78 -15 124
-84 9 127
-64 50 127
-35 88 104
-13 103 63
-4 97 31
-6 78 9
-8 62 2
-2 54 7
2 49 7
4 46 0
5 43 -2
3 30 -4
4 24 -2
1 21 -4
-6 13 -15
-8 13 -21
-10 14 -23
-9 10 -22
-6 11 -18
-9 3 -17
-5 -6 -17
-7 -12 -11
-19 -28 1
-19 -40 5
-19 -26 14
-30 -24 22
-35 -19 29
-48 -2 44
-69 -8 49
-78 6 75
-80 24 95
-79 45 92
-60 67 82
-36 91 62
-24 95 39
-15 89 30
-5 77 25
0 62 20
11 56 13
18 48 5
13 30 -8
12 24 -11
3 0 -10
