-48 6 -14
-48 6 -13
-48 6 -13
-48 7 -13
-48 7 -13
-48 6 -14
-48 6 -14
-47 7 -15
-48 6 -14
-47 6 -14
-47 5 -14
-47 5 -14
-48 6 -14
-47 6 -14
-47 6 -13
-48 6 -14
-48 6 -13
-48 7 -13
-48 7 -12
-48 7 -13
-48 6 -12
-48 7 -13
-48 7 -13
-47 6 -13
-47 6 -14
-48 6 -14
-47 5 -15
-48 7 -14
-48 7 -13
-49 8 -13
-49 9 -14
-49 10 -14
-50 13 -14
-50 14 -14
-50 15 -13
-49 16 -12
-45 21 -11
-36 24 -11
-28 23 -16
-20 23 -22
-13 18 -26
-8 8 -25
-1 -4 -19
4 -16 -5
0 -54 10
3 -63 34
-8 -34 42
-26 -9 46
-39 24 68
-76 31 77
-82 68 80
-85 71 86
-66 62 96
-44 70 83
-24 73 66
-13 63 49
-7 59 37
-3 55 27
-3 48 15
-1 43 5
2 42 -2
2 33 -3
1 25 -6
-1 24 -9
-3 21 -10
-8 14 -12
-9 17 -17
-7 16 -19
-9 6 -16
-8 1 -16
-4 -2 -17
3 -8 -15
1 -16 -7
-6 -38 5
-2 -38 6
-18 -33 22
-42 -33 30
-50 0 52
-86 3 76
-91 28 104
-81 71 109
-66 79 92
-39 89 70
-25 80 50
-17 69 41
-10 64 34
-9 59 19
-10 52 8
-8 48 6
-5 47 4
-2 43 -1
-2 36 0
0 29 -3
-2 26 -10
-3 17 -12
-1 13 -12
-3 12 -18
-6 4 -20
-4 -1 -18
0 -3 -15
4 -9 -13
8 -15 0
-4 -32 10
-7 -45 17
-3 -30 19
-24 -21 18
-55 -17 29
-67 46 77
-115 49 108
-120 38 109
-96 40 100
-52 68 69
-28 72 45
-22 71 23
-20 67 11
-19 56 12
-12 55 20
-10 55 13
-11 48 4
-8 45 6
-1 46 10
-5 32 3
-5 29 3
-4 24 -1
-10 18 -9
-11 17 -10
-9 13 -10
-6 11 -13
-4 4 -14
0 -9 -5
7 -16 0
10 -24 5
7 -39 9
-3 -41 4
-18 -47 -1
-35 -41 4
-60 -8 31
-87 2 65
-106 3 110
-102 23 120
-76 50 103
-41 81 69
-23 88 32
-18 79 12
-26 73 -2
-29 60 5
-29 50 15
-28 51 10
-24 49 4
-17 46 4
-8 48 3
-9 41 -6
-6 40 -13
-2 36 -12
0 27 -8
-1 18 -8
-4 11 -14
-2 11 -13
2 5 -6
-2 -5 -6
1 -10 -1
3 -15 5
-2 -21 8
-16 -33 10
-22 -43 12
-39 -29 10
-61 -17 15
-72 -6 36
-86 1 67
-97 22 80
-86 40 89
-77 37 88
-57 48 77
-36 60 58
-29 58 42
-25 55 32
-27 46 23
-24 43 18
-15 43 20
-12 40 13
-11 37 8
-8 33 3
-4 29 5
-2 25 4
-4 18 -9
-6 12 -15
-4 6 -19
1 4 -20
11 2 -13
14 -13 -11
16 -28 -2
16 -29 -3
11 -38 2
-2 -49 -1
-29 -37 -1
-69 -27 18
-81 -3 80
-90 1 123
-105 -36 127
-72 18 123
-40 53 86
-20 66 56
-10 74 38
-10 71 24
-12 64 15
-12 60 14
-8 55 16
-5 49 15
0 47 12
4 41 10
3 33 8
3 28 2
0 20 -3
-2 13 -7
-3 13 -10
-2 10 -11
-3 4 -11
-4 -9 -9
3 -17 -3
6 -19 4
2 -31 11
-3 -44 11
-8 -31 19
-37 -43 10
-56 -33 14
-77 -9 47
-91 -5 78
-104 26 108
-89 69 109
-62 85 93
-37 84 69
-19 81 49
-10 76 30
-13 55 19
-14 43 14
-10 44 14
-7 45 6
-5 43 -1
-73 -14 75
-95 17 95
-102 39 100
-79 83 92
-49 103 66
-30 103 38
-19 85 26
-13 64 18
-10 48 15
-7 33 11
-7 24 1
-11 17 -5
-9 12 -3
-13 -1 -1
-21 -6 -6
-25 -5 -9
-30 -1 -12
-32 6 -13
-37 6 -13
-39 10 -11
-39 13 -7
-41 8 -6
