-51 8 -8
-50 7 -10
-49 7 -11
-49 10 -14
-49 14 -16
-48 19 -18
-47 20 -18
-46 19 -17
-43 22 -17
-37 24 -17
-28 22 -15
-18 18 -18
-12 17 -25
-9 13 -26
-10 4 -25
-3 -9 -19
2 -37 0
-4 -54 14
-3 -34 27
-23 -13 31
-42 -8 52
-47 21 76
-74 35 83
-69 68 87
-69 64 79
-48 82 80
-33 79 68
-17 77 61
-6 75 49
-5 63 36
-2 55 23
0 47 12
2 47 0
8 46 -7
8 36 -14
9 29 -18
9 22 -21
10 18 -26
11 12 -26
6 -2 -26
9 -5 -22
13 -6 -19
16 -11 -11
7 -21 -3
-4 -37 9
4 -28 23
-28 -17 42
-49 -20 48
-50 23 76
-83 29 77
-92 21 78
-81 68 81
-77 63 61
-56 75 55
-32 91 47
-28 71 43
-19 75 44
-12 73 36
-11 64 21
-5 56 15
3 54 6
7 50 -7
7 42 -16
12 38 -9
12 29 -6
5 19 -12
0 14 -20
-1 11 -25
7 7 -24
12 1 -21
16 -6 -17
22 -13 -9
25 -20 2
14 -47 -2
-4 -54 2
-31 -59 22
-40 -22 66
-83 0 106
-106 21 125
-101 65 127
-80 80 109
-46 84 76
-13 96 48
0 100 31
0 100 20
-5 81 11
-8 62 9
-5 54 13
-2 45 10
-1 41 2
2 39 -5
16 36 8
13 21 0
7 12 -9
6 5 -16
9 2 -21
10 -2 -21
9 -11 -19
13 -19 -15
21 -22 -4
10 -35 5
-10 -62 7
-15 -40 10
-56 -29 54
-72 -4 79
-99 45 104
-115 40 111
-99 67 109
-64 91 81
-34 99 55
-18 99 32
-15 91 18
-15 78 13
-16 55 6
-12 43 4
-8 37 0
-5 35 -9
-3 35 -7
4 34 0
-2 19 -11
-4 16 -17
-2 10 -25
2 7 -27
7 5 -23
10 -1 -22
14 -8 -18
21 -12 -7
19 -23 5
4 -45 3
-10 -59 7
-28 -24 55
-67 10 88
-91 37 118
-114 47 104
-105 66 99
-79 91 70
-52 90 46
-28 89 37
-16 79 33
-15 72 27
-14 66 21
-11 58 19
-11 46 14
-8 47 2
-1 48 -2
1 38 -4
4 27 -6
5 22 -9
6 15 -12
7 7 -19
12 4 -23
18 0 -24
22 -5 -22
26 -9 -15
-13 41 12
-13 38 3
-8 37 -2
10 38 10
14 29 0
10 18 -17
8 11 -27
10 4 -27
11 -4 -25
10 -14 -23
12 -23 -15
17 -25 3
9 -29 8
-8 -38 6
-22 -37 8
-43 -18 31
-67 -8 51
-84 29 91
-109 28 102
-96 71 101
-70 100 91
-47 104 59
-25 101 41
-11 95 40
-11 78 31
-16 62 10
-8 63 12
5 65 14
12 56 7
12 37 -2
13 25 -10
14 20 -17
13 11 -19
9 4 -19
8 2 -19
8 -2 -19
8 -8 -16
4 -12 -10
-1 -21 -5
-4 -40 11
-4 -25 12
-22 -13 27
-33 -24 46
-41 4 53
-84 6 55
-77 30 75
-80 68 80
-70 84 62
-57 87 45
-36 88 38
-19 73 38
-11 62 29
-8 47 17
-7 39 5
-12 33 -1
-12 26 -2
-14 21 0
-15 18 3
-19 17 3
-22 20 1
-23 19 4
-27 18 2
-32 17 1
-34 17 1
-36 17 2
-37 20 3
-39 19 5
-39 18 7
-38 19 7
-38 16 5
-40 16 3
-35 23 8
-36 20 5
