-47 7 -15
-48 7 -14
-47 7 -14
-47 7 -15
-47 8 -15
-47 8 -15
-47 7 -15
-47 7 -14
-47 7 -14
-47 8 -15
-47 7 -15
-48 8 -15
-47 8 -15
-48 8 -15
-47 8 -14
-47 7 -15
-48 6 -14
-48 7 -15
-47 8 -14
-47 8 -14
-47 8 -14
-48 7 -14
-48 8 -15
-48 8 -15
-48 8 -15
-48 9 -15
-48 10 -14
-48 10 -15
-48 11 -14
-47 9 -13
-48 9 -14
-48 9 -16
-48 11 -16
-48 13 -16
-48 15 -15
-47 17 -15
-45 20 -16
-39 20 -16
-29 20 -17
-20 20 -20
-14 21 -25
-9 10 -26
-4 -2 -23
0 -11 -12
-6 -47 2
-78 37 87
-58 54 84
-35 68 65
-7 55 19
-4 49 9
-2 50 -2
1 49 -7
4 42 -4
2 31 -5
-1 25 -10
-3 16 -15
-6 9 -20
-5 6 -21
-4 0 -20
-1 -3 -17
7 -4 -16
6 -11 -8
-3 -37 -1
-3 -45 5
-9 -23 19
-47 -36 30
-49 -23 56
-73 -1 95
-86 12 105
-79 55 105
-60 70 89
-41 78 63
-26 79 40
-22 64 30
-17 61 28
-15 52 25
-15 45 18
-10 49 13
-7 49 3
-7 41 -3
-4 39 -4
-1 36 -3
-3 28 -4
-7 23 -7
-10 19 -11
-11 17 -14
-10 17 -16
-5 12 -17
3 4 -15
7 -4 -13
10 -15 -6
3 -48 -2
-8 -57 -4
-8 -35 9
-34 -37 23
-65 -32 47
-80 -5 91
-98 7 112
-97 27 122
-64 58 108
-37 68 76
-16 81 43
-12 78 19
-15 59 10
-17 49 8
-12 48 8
-13 43 2
-14 40 -2
-11 36 -2
-8 34 0
-8 31 0
-10 21 -2
-13 18 -8
-11 20 -12
-10 18 -14
-8 17 -15
-5 9 -14
1 0 -11
4 -6 -10
6 -19 -2
5 -36 -1
-4 -36 12
-18 -49 35
-33 -43 37
-61 -32 52
-61 -16 86
-55 16 125
-42 51 127
-23 71 106
-11 69 77
-5 70 53
-2 64 37
-4 55 25
-7 49 14
-4 50 10
-4 49 3
-5 40 -1
-3 35 0
-2 29 -2
-5 24 -8
-8 21 -11
-9 18 -11
-11 16 -13
-10 15 -17
-10 13 -21
-9 9 -22
-4 -1 -20
-1 -11 -9
-3 -20 8
-5 -34 18
-17 -40 24
-37 -30 32
-50 -21 40
-68 5 66
-79 42 77
-74 61 88
-58 74 88
-42 73 71
-30 68 54
-20 59 39
-15 51 25
-15 46 14
-12 46 9
-9 47 5
-8 46 -2
-8 43 -7
-6 40 -5
-4 38 -7
-4 37 -12
-6 31 -15
-7 28 -20
-6 25 -21
-6 18 -20
-2 13 -18
5 3 -9
8 -12 -4
9 -14 -3
3 -26 4
-1 -41 8
-8 -27 18
-36 -47 20
-31 -41 36
-46 -20 99
-49 -14 127
-52 4 127
-34 41 124
-13 60 99
-6 57 63
-4 54 42
-3 47 32
-3 43 25
-1 47 17
-1 52 9
-1 51 3
-1 42 1
0 40 -1
2 37 -1
-1 33 -4
-5 27 -7
-6 23 -8
-8 26 -11
-9 25 -11
-8 21 -11
-5 18 -10
-1 7 -6
-3 -4 -2
-4 -15 -1
-5 -21 2
-13 -28 8
-15 -35 16
-18 -14 10
-40 -7 23
-44 -4 52
-59 11 81
-72 13 83
-71 34 91
-53 62 83
-39 72 63
-23 77 45
-16 74 33
-13 68 27
-10 63 24
-9 56 22
-8 53 14
-6 50 7
-4 47 0
-3 43 -1
1 41 1
1 35 0
-3 26 -6
-6 17 -12
-5 16 -16
-4 14 -16
-4 9 -16
-4 5 -15
-3 -1 -12
0 -6 -8
-7 -14 -4
-13 -33 6
-9 -30 23
-23 -27 25
-38 -33 30
-39 -13 44
-49 -2 62
-52 4 73
-52 23 83
-43 39 84
-33 49 67
-27 44 49
-17 50 35
-12 62 24
-12 63 18
-15 56 20
-15 49 22
-14 51 22
-14 48 21
-13 40 19
-12 37 14
-10 31 10
-14 28 6
-15 26 1
-18 20 -3
-22 15 -3
-25 15 -8
-25 15 -6
-31 10 -9
-32 10 -4
