-48 4 -14
-48 5 -15
-47 6 -14
-48 4 -14
-47 5 -15
-48 4 -16
-47 5 -15
-47 5 -14
-47 5 -13
-48 3 -13
-48 5 -13
-48 4 -14
-48 5 -14
-48 4 -13
-47 5 -13
-47 5 -14
-48 5 -14
-48 4 -14
-48 5 -15
-48 4 -14
-48 4 -13
-48 4 -14
-48 5 -14
-48 5 -15
-48 4 -14
-49 4 -14
-49 5 -14
-49 6 -13
-49 5 -14
-49 5 -14
-49 8 -15
-49 10 -15
-50 9 -15
-49 9 -14
-49 11 -13
-49 13 -14
-46 16 -14
8 -19 -14
4 -46 2
-6 -49 20
-14 -40 55
-36 -18 69
-56 -7 89
-78 15 108
-82 30 112
-17 71 66
-10 69 44
-9 58 28
-5 60 21
-3 51 13
-2 45 4
0 41 -4
1 36 -3
2 32 3
-5 22 -4
-9 21 -9
-13 18 -11
-15 17 -16
-16 15 -21
-16 8 -20
-14 2 -18
-11 0 -15
-11 -8 -14
-9 -25 -13
-2 -22 -6
-4 -20 8
-11 -31 21
-17 -21 29
-43 -17 30
-65 -14 36
-81 3 68
-87 19 96
-77 49 110
-56 64 106
-35 76 80
-24 71 56
-15 61 42
-12 51 29
-11 49 16
-11 50 6
-8 48 1
-5 44 0
-4 37 -1
-6 28 -1
-6 27 -3
-10 20 -7
-13 18 -11
-12 22 -12
-12 20 -13
-12 15 -14
-13 9 -15
-7 1 -16
2 -6 -14
2 -22 -13
1 -37 -6
0 -45 1
-15 -40 7
-32 -48 4
-39 -41 25
-66 -19 68
-84 -2 97
-88 30 120
-81 39 123
-61 49 107
-44 56 82
-27 61 59
-22 57 35
-24 47 17
-20 43 10
-14 46 10
-9 41 8
-8 31 4
-6 30 -3
-7 29 -8
-7 25 -6
-10 18 -7
-14 16 -12
-14 20 -15
-14 21 -19
-15 20 -21
-13 16 -22
-11 8 -22
-9 1 -23
-3 -6 -19
-2 -22 -9
-3 -30 2
-2 -39 13
-15 -29 20
-53 -27 21
-56 -5 45
-84 11 72
-98 23 80
-102 38 90
-81 64 86
-52 85 69
-33 91 44
-22 83 27
-17 68 16
-18 54 8
-17 49 3
-11 48 2
-10 38 -2
-10 36 -7
-10 31 -10
-7 28 -4
-9 24 -3
-14 21 -12
-14 20 -16
-14 21 -18
-15 18 -16
-15 10 -14
-9 7 -13
-6 1 -12
-4 -9 -11
-1 -24 -10
4 -30 -1
1 -35 8
-12 -40 13
-32 -38 15
-63 -32 33
-78 -11 74
-103 -4 111
-100 31 117
-76 55 104
-41 71 81
-19 87 53
-9 88 37
-12 70 22
-16 52 12
-16 45 8
-10 49 6
-10 44 -2
-9 40 -3
-8 38 -4
-4 39 -1
-4 33 -1
-9 23 -3
-11 21 -7
-10 24 -10
-11 19 -13
-13 13 -13
-9 9 -13
-6 -1 -9
-1 -8 -11
4 -12 -6
-5 -18 -2
-9 -31 2
-7 -36 12
-30 -26 9
-61 -36 18
-73 -47 53
-107 -60 78
-115 -23 94
-101 33 105
-64 82 95
-40 92 69
-20 102 43
-13 95 18
-13 76 7
-12 60 8
-8 44 13
-7 38 6
-7 36 -1
-7 29 -4
-3 30 0
-1 26 3
-10 13 -3
-16 14 -12
-17 17 -19
-20 15 -19
-19 12 -15
-19 11 -12
-18 5 -13
-11 -3 -12
-9 -10 -10
-12 -22 -7
-5 -26 -2
-1 -27 7
-4 -28 7
-18 -27 6
-43 -22 10
-73 -14 35
-94 1 84
-115 6 116
-106 19 125
-70 52 112
-30 96 80
-15 106 47
-9 90 23
-9 69 11
-3 62 13
1 47 14
0 33 10
1 36 2
2 36 3
-1 23 0
-8 15 -4
-14 12 -8
-13 14 -8
-14 15 -12
-17 12 -16
-16 12 -16
-19 6 -15
-18 2 -17
-12 -2 -12
-19 -12 -11
-18 -20 -12
-5 -10 1
-8 -14 11
-13 -32 7
-13 -28 16
-34 -15 42
-64 -12 36
-84 1 56
-96 10 86
-93 33 94
-68 72 90
-45 89 64
-27 95 45
-19 87 34
-15 73 25
-17 58 14
-14 47 11
-9 44 4
-6 39 -3
-4 31 -4
-2 24 0
-4 17 0
-13 3 -5
-18 1 -6
-24 3 -11
-29 -5 -14
-33 6 -10
-38 1 -14
-40 1 -10
-45 0 -9
