-48 5 -16
-48 5 -16
-47 5 -16
-47 6 -16
-48 5 -16
-48 4 -15
-48 4 -16
-48 5 -15
-47 5 -16
-48 5 -15
-48 4 -16
-47 5 -16
-48 6 -16
-48 5 -17
-48 5 -16
-48 5 -16
-48 5 -15
-48 5 -15
-48 5 -16
-48 5 -16
-48 5 -16
-48 5 -16
-47 5 -16
-48 6 -17
-48 5 -17
-48 6 -17
-48 6 -16
-48 5 -15
-48 5 -15
-49 5 -16
-49 6 -15
-48 7 -16
-48 9 -16
-48 12 -17
-49 13 -16
-48 12 -15
-48 13 -14
-44 19 -16
-41 23 -19
-37 23 -22
-32 19 -23
-26 11 -21
-20 4 -22
-16 -2 -22
-12 -11 -21
-9 -13 -18
-12 -31 -13
-7 -44 14
-16 -24 39
-44 -20 55
-56 1 73
-77 15 91
-73 44 98
-62 57 88
-42 66 73
-30 72 53
-21 70 38
-17 59 26
-12 55 12
-11 52 2
-12 44 -3
-6 42 -5
-2 38 -10
-3 31 -16
-4 27 -15
-4 25 -15
-7 20 -17
-8 12 -17
-10 9 -18
-11 4 -20
-4 0 -18
0 -4 -14
-2 -20 -6
-8 -50 -4
-16 -42 0
-43 -44 10
-58 -45 50
-86 6 70
-106 45 75
-106 51 77
-82 47 68
-53 62 46
-38 72 22
-36 58 9
-31 48 8
-23 54 6
-22 53 -5
-21 48 -11
-12 48 -2
-7 46 0
-7 42 -5
-9 37 -7
-12 28 -10
-11 22 -12
-11 20 -15
-15 10 -20
-10 5 -20
-2 2 -19
1 -5 -19
4 -14 -17
0 -37 -12
-5 -49 -7
-18 -44 -7
-34 -36 15
-66 -28 60
-92 -2 101
-116 17 111
-112 48 102
-83 76 81
-56 83 54
-31 93 31
-22 81 11
-18 68 -2
-11 62 -6
-8 54 -6
-4 44 -7
-6 34 -14
-3 35 -19
-1 29 -13
-3 25 -14
-7 14 -17
-9 8 -19
-12 6 -22
-13 0 -23
-10 -2 -21
-8 -3 -17
-10 -14 -16
-8 -23 -5
-15 -7 0
-25 -13 2
-33 -30 15
-43 -47 30
-61 -57 24
-79 -1 38
-93 13 74
-106 8 95
-89 49 105
-61 79 82
-42 83 46
-29 72 17
-20 60 -3
-15 53 -11
-8 52 -13
-3 49 -17
-5 41 -21
-4 39 -22
-3 38 -21
-1 31 -15
-4 18 -15
-4 20 -19
-8 16 -23
-7 11 -21
2 11 -19
11 9 -17
14 3 -10
9 -9 -3
-13 -61 0
-31 -76 -8
-49 -36 11
-65 -36 53
-91 -30 85
-104 -13 99
-98 36 98
-74 76 77
-52 92 53
-28 104 30
-20 96 16
-18 81 11
-20 67 5
-19 51 -1
-15 42 -3
-3 48 -1
-1 44 -9
-2 35 -9
-8 23 -11
-10 20 -10
-15 8 -12
-17 6 -18
-19 8 -25
-20 7 -26
-16 5 -24
-11 2 -20
-18 -4 -18
-17 -18 -18
-8 -20 -10
-11 -17 -4
-22 -41 -7
-19 -40 -7
-33 -22 2
-51 -24 11
-70 -10 58
-90 1 79
-100 29 102
-93 74 90
-79 79 72
-50 95 51
-32 89 29
-17 84 22
-9 74 13
-11 53 3
-12 35 1
-6 35 4
-2 35 3
-7 26 -4
-10 20 -10
-14 16 -13
-14 17 -10
-19 10 -11
-24 8 -18
-25 11 -24
-23 12 -25
-18 15 -22
-12 10 -20
-8 0 -15
-4 -15 -4
-5 -35 5
-14 -50 -1
-25 -47 -11
-35 -33 5
-65 -33 27
-85 -11 48
-108 27 75
-108 72 90
-83 91 92
-42 96 69
-13 95 37
-2 95 7
-4 84 -9
-8 73 -14
-7 68 -13
-10 58 -14
-10 47 -12
-8 37 -9
0 39 0
-5 29 -7
-10 25 -14
-15 20 -19
-16 19 -17
-15 20 -14
-19 12 -15
-19 7 -16
-14 7 -14
-14 4 -14
-14 -4 -16
-8 -12 -11
-3 -16 -4
-8 -30 -2
-10 -43 -4
-21 -29 -3
-49 -31 2
-103 -13 80
-123 17 96
-117 53 95
-82 95 72
-48 105 33
-23 102 8
-4 108 7
-5 78 0
-10 53 -4
-2 53 1
4 45 2
1 29 -6
1 22 -10
-1 14 -5
-12 -10 -6
-21 -10 -9
-28 -7 -11
-34 -3 -12
-39 3 -11
-43 8 -10
-46 6 -8
-49 6 -8
-51 5 -8
