23 15 26
23 14 25
22 14 25
23 14 25
23 15 24
23 14 26
23 13 24
23 14 24
22 13 25
22 14 25
21 14 25
22 15 24
22 14 23
22 13 24
22 14 25
22 13 25
22 15 25
23 14 25
22 14 25
23 15 26
22 15 26
22 14 25
22 14 25
22 14 25
22 14 26
21 14 26
22 15 25
22 15 26
22 15 25
21 15 25
21 14 25
20 16 25
20 15 25
18 15 25
start
14 17 31
10 20 33
7 16 29
7 14 26
8 20 30
15 22 30
16 21 31
18 17 35
18 12 37
19 6 34
24 4 28
25 3 29
26 0 31
40 2 26
83 5 23
127 -8 53
127 26 40
127 45 -47
127 -14 -128
-128 127 10
-128 60 108
-128 -37 127
-53 -128 96
-76 -42 2
-52 73 -102
18 111 -81
-23 47 35
11 10 51
8 4 53
8 10 52
6 15 48
11 28 35
15 26 35
19 17 38
end
31 10 22
30 9 19
28 8 21
28 9 20
30 6 20
31 2 22
31 3 23
34 -2 27
34 -8 34
33 -3 37
33 2 34
32 6 29
31 2 28
29 3 25
27 3 23
26 -1 20
25 -2 19
24 0 20
24 0 24
24 -1 25
25 -1 27
24 -1 31
25 -2 32
27 -2 32
29 0 32
30 4 35
28 6 38
27 2 36
22 -1 31
21 0 22
21 3 15
start
24 4 16
31 5 20
42 2 21
69 1 16
127 3 20
116 38 39
115 6 -29
127 29 -127
83 68 -128
-101 117 -95
-128 25 86
-128 -43 127
-37 -128 127
-72 -16 -33
-15 112 -128
-2 120 2
16 3 67
23 -16 76
18 24 37
19 27 31
end
22 26 29
24 22 28
19 13 29
17 9 29
16 2 27
16 9 26
18 16 25
17 13 20
17 9 19
16 14 25
15 13 21
21 4 19
18 9 24
19 11 21
28 2 18
21 10 23
18 12 21
26 5 20
19 12 25
21 15 23
31 6 22
20 14 23
23 8 17
34 0 11
35 3 23
28 4 27
37 0 17
40 5 23
36 7 26
40 -4 23
36 -1 24
33 2 22
38 -3 19
35 1 22
31 7 25
37 -2 17
34 -1 20
31 3 20
31 7 19
31 4 22
29 6 24
31 7 21
31 6 22
31 5 23
30 7 19
29 10 17
29 9 23
30 3 25
31 -1 24
31 1 24
32 0 27
33 0 24
33 3 22
29 3 24
31 2 21
34 2 22
34 2 23
34 0 24
34 -1 23
33 -2 23
32 -2 22
30 -1 22
30 0 20
29 0 20
28 -1 22
26 1 21
26 0 25
27 1 28
28 1 28
31 -1 27
32 0 27
33 1 24
33 2 19
33 6 18
41 5 17
51 -2 20
62 0 26
74 -7 24
79 -19 16
93 -13 -4
110 14 -32
102 56 -112
81 40 -128
-71 77 -55
-128 12 116
-128 -4 121
-39 -73 127
10 -75 93
-17 1 -12
-9 59 -28
9 44 22
20 -9 43
20 1 37
18 25 28
21 21 28
21 19 36
20 13 37
18 7 32
17 12 28
17 14 26
18 13 27
19 13 28
19 7 27
17 7 28
16 10 29
16 9 28
17 13 27
18 13 29
18 10 30
18 11 29
17 11 33
16 11 35
14 8 35
10 5 33
4 3 29
7 3 24
9 7 26
12 14 25
16 13 23
17 11 30
22 12 28
25 10 24
23 14 25
24 14 23
27 10 21
27 5 25
28 8 25
33 3 21
30 7 23
33 4 22
31 3 19
30 1 21
33 -2 20
32 0 20
32 2 20
34 2 20
34 3 22
34 -1 17
33 -3 12
32 -6 15
31 -2 19
33 0 19
34 4 20
34 5 23
35 1 26
35 2 27
35 7 26
33 10 25
32 7 25
31 2 31
31 1 30
30 0 26
29 -2 24
29 -2 22
30 -1 20
30 -1 20
31 1 20
31 2 19
30 3 20
28 2 22
28 0 23
27 -1 25
27 0 24
26 0 24
26 0 26
26 0 26
26 2 26
26 2 27
26 0 27
27 0 26
27 1 26
27 0 25
27 0 24
27 1 26
27 0 25
27 0 25
28 0 25
27 1 26
27 0 25
29 0 25
29 1 25
29 0 25
31 1 23
31 3 21
34 3 23
38 3 26
43 -1 26
50 -3 25
55 -2 21
61 3 12
73 8 4
94 17 -10
102 34 -32
99 45 -75
74 41 -128
-39 77 -112
-128 42 96
-128 -27 127
-30 -67 127
12 -111 101
-24 5 -11
-13 79 -32
11 50 15
23 -3 38
24 3 35
22 17 28
22 19 25
24 20 32
24 13 34
21 7 30
21 6 27
21 10 29
21 10 26
22 8 24
21 8 25
20 9 26
19 8 25
19 10 24
18 12 25
20 11 26
19 11 30
18 7 32
16 2 31
15 6 32
14 10 29
19 4 22
18 13 25
20 15 22
22 13 24
20 13 27
23 9 25
21 9 29
23 6 31
24 3 31
21 6 29
23 5 28
21 6 26
24 5 15
27 2 15
26 4 20
31 0 20
35 2 18
34 10 23
38 6 20
37 7 19
35 11 20
36 6 22
35 5 22
32 9 23
34 4 22
34 2 19
33 8 17
31 9 18
31 6 20
31 5 15
31 5 17
31 2 18
31 4 20
32 9 19
33 13 19
33 6 22
33 5 25
33 5 26
33 4 26
34 3 23
33 4 24
33 2 22
33 -1 19
32 1 15
30 5 17
31 3 19
30 -1 26
29 0 29
29 -1 29
29 0 27
28 1 25
27 0 24
27 1 24
27 2 25
27 2 26
28 1 25
27 3 26
28 3 26
28 3 24
28 2 24
28 3 24
29 2 24
30 3 24
36 3 23
44 2 22
63 -1 15
81 -5 10
94 0 9
113 3 4
113 13 -23
99 40 -76
40 36 -128
-89 63 -97
-128 76 127
-113 -35 127
12 -128 105
-14 -66 15
-26 81 -28
1 80 -13
19 13 22
25 -12 42
25 8 33
24 21 28
23 22 31
24 18 34
22 11 34
20 8 30
20 9 30
21 12 28
20 13 29
20 14 30
19 12 30
18 13 31
13 13 29
11 10 28
9 8 26
9 5 24
13 8 26
16 8 22
22 8 25
28 11 30
28 2 27
27 3 25
26 6 28
32 3 25
30 0 25
30 5 27
33 3 22
31 3 18
30 10 17
32 8 17
32 6 16
29 10 17
29 1 16
29 -1 16
30 5 15
30 8 14
31 10 18
30 11 24
31 5 26
28 2 29
29 2 28
32 4 26
32 0 23
32 2 25
38 3 27
40 2 26
37 1 23
33 3 23
33 1 27
31 1 26
29 3 25
27 1 23
24 0 22
24 -2 22
26 -3 23
26 -1 24
27 1 24
26 4 27
27 2 26
27 2 25
26 3 26
27 5 27
26 4 26
27 4 27
27 2 27
28 2 26
29 3 26
30 2 24
33 1 24
38 4 25
47 6 28
54 3 27
62 3 23
64 3 13
65 3 -1
72 4 -13
88 6 -26
88 31 -38
72 64 -87
-8 47 -101
-128 -28 85
-59 -84 127
13 14 127
-14 3 23
-5 19 -30
2 37 -18
10 48 5
14 29 26
16 11 36
15 15 32
15 23 32
15 27 36
16 19 34
16 16 29
17 16 25
19 17 26
20 19 27
21 16 26
22 15 23
19 15 25
19 14 25
20 12 21
20 15 24
20 16 27
20 14 24
20 16 24
21 16 24
21 17 24
21 17 24
21 15 24
21 16 26
18 19 28
18 15 28
16 14 28
15 13 28
17 10 26
17 15 26
19 15 24
22 12 25
20 15 25
22 15 24
24 12 25
21 15 25
23 13 22
26 8 20
24 13 22
26 14 21
28 10 20
27 11 22
26 15 23
28 10 22
27 9 24
26 13 24
27 7 25
26 6 25
25 12 24
27 9 23
27 10 23
28 8 22
30 3 19
29 8 21
28 11 22
31 7 19
32 4 19
31 9 22
31 9 21
32 4 19
30 7 23
29 9 22
31 7 22
31 7 22
30 7 21
30 4 22
29 3 22
29 5 20
29 6 19
29 6 22
29 5 25
29 6 25
30 7 23
29 6 24
30 7 25
31 6 23
31 5 24
31 5 25
32 2 26
32 2 24
31 3 24
31 2 23
31 2 22
31 4 21
30 4 21
30 3 22
29 3 22
29 2 24
28 1 27
29 1 27
29 0 27
30 0 27
34 3 26
43 2 22
52 0 22
63 -1 22
63 -4 27
63 -6 15
74 -9 -2
83 0 0
92 16 -6
82 2 -37
39 10 -93
-72 57 -36
-128 35 88
-99 12 127
16 -34 127
-2 -83 50
-19 14 -11
1 62 -13
13 36 14
17 8 32
19 8 38
19 16 34
19 14 31
19 10 35
17 9 36
17 12 28
16 12 27
16 11 28
17 10 29
17 10 29
17 12 29
17 13 28
16 11 28
17 12 29
17 11 30
16 11 29
17 12 30
16 12 30
16 11 28
16 11 29
15 11 33
15 9 34
13 8 34
10 6 33
10 6 32
9 11 31
10 17 28
13 13 25
12 10 29
11 11 31
17 7 27
17 9 26
20 9 24
23 7 23
24 10 24
29 8 20
29 5 24
28 10 22
30 9 20
30 7 21
29 4 21
30 3 19
31 6 22
31 6 20
30 -1 18
30 -6 20
30 -1 20
27 3 20
27 7 17
27 4 15
28 0 22
30 1 30
31 4 30
34 4 28
35 3 29
35 3 30
36 4 28
35 2 26
33 0 27
33 0 24
31 1 23
31 -2 22
30 -2 20
28 0 23
28 -2 25
27 -2 24
28 -2 24
26 -2 23
25 -1 26
26 -2 28
26 -1 26
26 0 26
26 -1 28
26 0 28
26 0 27
26 -1 26
27 -1 28
28 0 28
29 0 28
35 0 29
42 -1 30
55 -4 32
66 -6 31
67 0 25
68 0 17
74 -2 7
74 11 -3
70 30 -40
55 38 -95
26 38 -124
-83 45 -26
-128 55 127
-89 -4 127
16 -112 106
-7 -106 25
-26 34 -1
6 78 -7
16 33 9
23 -4 25
21 -1 38
21 4 35
23 0 29
23 -1 32
20 3 34
18 5 34
21 5 29
22 4 27
21 3 29
20 5 31
19 7 31
19 5 28
18 5 27
18 4 28
19 4 31
19 5 30
19 5 29
19 7 29
18 4 30
17 3 31
18 2 31
17 4 29
18 6 29
17 6 32
17 1 32
17 1 30
16 6 31
16 6 27
17 4 27
15 9 27
18 5 24
15 5 33
12 8 35
18 1 29
17 2 34
16 7 35
21 4 30
19 2 31
16 5 31
22 2 25
22 -1 24
22 -1 21
24 -1 21
24 2 20
25 0 14
29 -2 15
26 1 24
27 2 20
29 -2 19
29 -1 24
28 5 25
29 4 23
29 3 28
28 7 31
25 5 31
26 2 30
25 3 29
25 6 33
25 1 27
26 5 28
